Samples	SV2	SV3	SV4	SV5	SV6	SV8	SV9	SV32A	SV32B	SV32C	SV32D	SV32E
KiCS0025_307284	11	0	0	0	0	12	0	0	0	0	0	20
zcc403	111	0	30	0	73	0	0	40	21	31	0	0
KiCS0079_19_7192	14	0	0	0	0	12	0	0	0	0	0	0
zcc248	3	0	13	0	0	2	0	2	3	0	0	0
KiCS0106_302802	26	0	0	0	0	7	0	0	0	0	0	0
KiCS0156_315663	38	0	0	0	0	16	0	7	0	0	0	0
KiCS0043_290134	19	0	0	0	0	13	0	6	0	0	0	0
KiCS0279_19_2126_A_02_00	28	0	0	0	0	35	0	7	0	0	0	0
KiCS0378_19_25245_A_02_00	71	0	0	0	0	100	0	0	0	0	0	0
zcc184	26	0	0	0	0	13	0	35	13	0	0	0
KiCS0046_292280	16	0	0	0	0	12	0	0	0	0	0	0
zcc232	40	0	0	0	0	0	0	0	0	0	0	0
KiCS0487_20_20203_A_02_00	15	0	0	0	0	5	0	3	0	0	0	0
zcc140	13	0	0	0	0	8	0	6	12	9	0	0
KiCS0098_301161	24	0	0	0	0	49	0	0	0	0	0	0
zcc10	12	0	0	0	0	0	0	0	0	0	0	0
zcc195	8	0	0	0	0	2	0	2	1	5	0	0
KiCS0209_18_1512	16	0	0	15	0	31	0	9	0	0	0	0
zcc203	0	0	43	0	337	0	0	0	0	0	0	0
IID_H134768_T02_01_WG01	49	0	20	0	121	0	160	0	0	0	0	0
zcc94	0	0	0	0	0	1	0	1	1	0	0	0
zcc56	3	2	0	2	0	1	0	0	0	0	0	0
I-H-134753-T1-1-D1-1	0	0	0	0	0	10	0	65	13	0	0	0
zcc16	66	0	30	0	0	10	50	0	0	0	0	0
KiCS0292_19_15636_A_02_00	4	2	0	0	0	8	0	0	0	0	0	0
I-H-135965-T1-1-D1-1	45	0	95	0	50	0	0	0	0	0	0	0
KiCS0269_18_13380	15	0	0	0	0	12	0	0	0	0	0	0
zcc135	0	0	0	0	0	0	0	1	0	0	0	7
KiCS0184_324069	71	0	0	0	0	29	0	11	0	0	0	0
zcc331	18	0	11	0	36	8	0	5	0	0	0	0
KiCS0091_18_14899_A_02_00	52	0	0	0	0	15	0	32	12	0	0	0
KiCS0003_285201	37	0	0	0	0	15	0	0	0	0	0	0
KiCS0005_4677	7	0	0	0	0	11	0	5	0	0	0	0
zcc110	23	0	0	0	0	0	0	0	6	0	0	0
KiCS0368_20_6000_A_02_00	19	0	0	0	0	22	0	7	0	0	0	0
zcc153	3	0	0	0	0	0	0	3	3	0	0	0
KiCS0038_287533	14	4	0	0	0	11	0	5	0	0	0	0
KiCS0171_319910	26	0	0	0	0	46	0	20	7	0	0	0
KiCS0358_19_19175_A_02_00	22	0	0	0	0	15	0	0	0	0	0	0
zcc121	13	0	0	0	0	0	0	0	0	0	0	0
KiCS0197_326711	22	0	0	0	0	35	0	5	0	0	0	0
KiCS0011_270648	36	0	0	0	0	19	0	7	0	0	0	0
zcc27	20	0	0	0	0	0	0	0	0	0	0	0
I-H-135963-T1-1-D1-1	14	0	0	0	0	0	0	0	0	0	0	0
KiCS0198_327862	33	0	0	0	0	19	0	18	11	0	25	0
KiCS0036_275797	7	3	0	0	0	8	0	9	4	0	0	0
KiCS0112_306734	24	0	0	0	0	34	0	6	0	0	0	0
KiCS0249_20_7122_A_02_00	52	0	0	0	95	23	0	15	0	0	0	0
KiCS0312_19_15651_A_02_00	10	0	0	0	0	10	0	10	5	0	0	0
zcc5	0	0	0	0	0	6	0	0	5	0	0	8
KiCS0194_328185	264	0	547	0	0	0	0	0	0	0	0	0
KiCS0114_304772	16	0	0	8	0	10	0	0	0	0	0	0
zcc19	4	0	0	0	0	2	0	6	0	0	0	0
KiCS0035_270453	5	0	0	7	0	12	0	11	3	0	0	0
KiCS0074_20_10579_A_02_00	58	0	0	0	0	15	0	0	0	0	0	0
KiCS0033_319631	30	0	0	0	0	35	0	11	0	0	0	0
zcc7	131	0	54	0	76	0	0	0	27	0	71	0
KiCS0282_20_18314_A_02_00	57	0	0	0	0	29	0	10	0	0	0	0
zcc145	0	0	0	2	0	1	0	0	2	0	0	0
zcc60	0	0	0	0	0	0	0	8	6	0	5	0
zcc70	0	0	0	0	0	0	0	0	6	0	0	8
zcc207	5	0	0	0	0	2	0	0	11	0	0	0
IID_H156418_T01_01_WG01	10	0	0	0	0	0	0	0	0	0	0	0
KiCS0125_309277	16	0	0	0	0	11	0	3	0	0	0	0
KiCS0044_285046	17	0	0	0	0	23	0	12	0	0	0	0
zcc190	11	0	0	0	0	0	0	0	0	0	3	0
KiCS0104_312594	18	0	0	0	0	21	0	0	0	0	0	0
zcc250	7	0	0	0	0	2	0	5	3	0	0	0
KiCS0035_270454	18	0	0	0	0	12	0	4	0	0	0	0
KiCS0220_18_3730	35	0	0	0	0	13	0	0	0	0	0	0
KiCS0285_19_15633_A_02_00	6	0	0	10	0	9	0	4	0	0	0	0
KiCS0074_302458	12	0	0	0	0	12	0	7	0	0	0	0
KiCS0015_288017	55	0	0	0	0	28	0	15	9	0	0	0
I-H-135387-T1-1-D1-1	13	0	0	0	38	0	42	0	15	0	0	0
zcc216	44	0	0	0	97	0	0	13	0	0	0	0
KiCS0350_20_1787_A_02_00	0	0	184	0	0	31	98	0	0	0	0	0
zcc29	0	0	0	0	82	0	0	0	0	0	0	0
zcc185	6	0	0	0	0	0	0	3	3	0	4	0
KiCS0388_20_8809_A_02_00	28	0	0	0	0	20	0	5	0	0	0	0
KiCS0110_304269	25	0	0	0	0	28	0	11	0	0	0	0
KiCS0195_328069	26	0	0	0	0	24	0	4	0	0	0	0
zcc198	45	0	9	0	0	0	0	0	0	0	0	0
KiCS0298_20_11148_A_02_00	23	0	0	0	0	31	0	20	5	0	0	0
zcc114	18	0	0	0	0	4	0	9	3	0	0	0
zcc173	5	0	0	0	0	10	0	2	0	0	0	0
KiCS0366_20_11333_A_02_00	20	0	0	0	0	15	0	0	0	0	0	0
KiCS0339_20_1400_A_02_00	10	0	0	0	0	10	0	0	0	0	8	0
KiCS0038_305256	0	0	0	0	0	13	0	8	0	0	17	0
KiCS0149_316368	33	0	0	0	0	69	0	10	0	0	0	0
KiCS0361_19_18661_A_02_00	16	0	7	7	0	8	0	0	0	0	0	0
KiCS0319_19_11213_A_02_00	24	0	0	0	0	13	0	6	5	0	0	0
KiCS0061_290886	37	0	0	0	0	64	0	10	0	0	0	0
IID_H158271_T01_01_WG01	1	0	0	0	0	0	0	1	0	0	0	3
zcc37	42	0	11	0	0	0	34	9	10	0	0	0
I-H-135392-T1-1-D1-1	65	0	0	0	0	0	0	0	0	0	0	0
KiCS0126_328068	20	0	0	0	0	18	0	11	11	0	0	0
KiCS0165_317832	0	0	0	0	0	0	96	0	0	0	0	102
zcc180	11	0	0	0	0	0	0	0	2	0	0	0
zcc187	153	0	30	0	0	39	84	23	0	0	0	0
zcc101	26	0	0	0	51	12	0	9	18	17	0	0
KiCS0192_330523	20	0	0	0	0	20	0	5	5	0	0	0
IID_H136641_T01_01_WG01	219	0	119	0	195	0	0	0	0	0	0	0
KiCS0035_270452	18	0	0	0	0	12	0	4	0	0	0	0
zcc22	2	0	0	0	0	1	0	0	0	0	0	0
I-H-108319-T1-1-D1-1	19	0	0	0	0	14	0	10	12	0	0	0
zcc127	0	0	0	0	0	0	0	2	0	0	0	6
KiCS0302_19_15647_A_02_00	14	0	0	0	0	7	0	0	0	0	0	0
KiCS0092_319682	25	0	0	0	0	40	0	13	9	0	0	0
zcc68	0	0	4	0	0	0	12	0	0	0	0	0
zcc21	0	0	0	0	7	0	0	0	0	0	0	0
KiCS0343_19_13225_A_06_00	28	0	0	0	0	8	0	4	0	0	0	0
zcc104	2	0	0	2	0	0	0	2	2	0	0	0
zcc225	176	0	51	0	0	42	0	103	106	50	0	0
KiCS0324_19_15655_A_02_00	57	0	0	0	0	13	0	0	0	0	0	0
zcc42	0	0	0	0	0	0	0	1	0	0	0	0
zcc201	27	0	0	0	0	0	0	0	0	0	0	0
zcc35	46	0	0	0	0	0	0	0	0	0	0	0
KiCS0333_19_16938_A_02_00	39	0	0	0	0	66	0	14	0	0	0	0
KiCS0141_314896	32	0	0	0	0	11	0	0	0	0	0	0
zcc182	9	0	0	0	0	0	0	2	2	0	0	0
zcc43	112	0	0	0	0	0	73	0	0	0	0	0
zcc146	25	0	31	0	0	0	86	0	0	0	0	0
KiCS0295_19_3667_A_02_00	15	0	0	0	0	12	0	0	0	0	0	0
KiCS0240_18_8811	36	0	0	20	0	12	0	11	0	0	0	0
zcc155	0	0	0	0	0	0	0	0	0	0	1	0
KiCS0169_319629	31	0	0	0	0	40	0	10	0	0	0	0
IID_H158184_T01_01_WG01	27	0	0	0	0	7	0	19	7	0	0	0
KiCS0024_272790	28	0	0	0	0	27	0	12	0	0	0	0
zcc168	0	0	0	0	0	0	0	3	8	0	0	0
KiCS0365_19_19570_A_02_00	28	0	0	0	0	31	0	7	0	0	0	0
zcc157	4	0	0	0	0	0	0	0	0	0	0	0
KiCS0084_300714	20	0	0	0	0	14	0	0	4	0	0	0
zcc230	2	0	0	0	0	2	0	0	0	0	0	0
I-H-136375-T1-1-D1-1	46	0	0	0	0	0	247	0	0	0	0	0
zcc80	2	0	0	0	0	0	0	4	3	0	0	0
zcc105	4	0	0	0	0	0	0	7	5	0	0	0
KiCS0013_319375	16	0	0	0	0	16	0	6	0	0	0	0
I-H-135088-T1-2-D1-1	0	0	35	0	277	0	0	0	0	0	0	0
KiCS0158_316457	186	0	41	0	112	37	0	0	0	0	0	0
KiCS0010_270647	79	0	0	0	0	14	56	23	28	0	0	0
KiCS0193_328020	34	0	0	0	0	43	0	0	0	0	0	0
zcc133	0	0	0	0	0	2	0	2	0	3	2	0
KiCS0277_19_13896_A_02_00	20	0	0	0	0	19	0	5	0	0	0	0
KiCS0197_20_15931_A_02_00	20	0	0	0	0	35	0	5	0	0	0	0
KiCS0118_312902	22	7	0	0	0	24	0	6	0	0	0	0
KiCS0002_321321	121	0	0	0	0	23	0	0	113	0	0	0
zcc141	14	0	0	0	64	0	47	0	0	0	0	0
zcc4	0	0	0	32	0	0	0	0	8	0	0	0
zcc118	4	0	0	0	0	8	0	0	0	7	0	0
zcc6	0	0	0	0	0	0	0	1	1	0	0	0
KiCS0204_19_13898_A_02_00	172	0	255	0	93	34	195	42	48	0	0	0
zcc82	15	0	0	0	0	0	0	21	21	0	0	0
I-H-133672-T1-2-D1-1	6	0	0	0	0	2	0	4	5	0	0	0
zcc20	4	0	0	0	0	1	0	0	1	0	0	0
zcc215	0	0	0	0	0	0	0	0	0	0	2	0
zcc1	2	0	0	0	0	0	0	0	1	0	0	0
zcc8	58	0	30	0	0	21	0	15	18	0	0	0
zcc75	6	0	0	0	16	0	0	8	7	0	0	0
KiCS0385_20_6460_A_02_00	25	0	0	0	0	4	0	0	0	0	0	0
KiCS0003_20_15220_A_02_00	56	0	45	0	0	44	0	24	38	0	0	0
zcc176	0	0	0	0	0	2	0	5	1	1	0	0
zcc129	0	2	0	0	0	1	0	2	4	0	0	0
zcc161	0	0	0	0	0	1	0	1	2	0	0	0
zcc38	15	0	0	0	0	0	0	0	0	0	0	0
KiCS0246_18_11279	8	4	0	0	0	10	0	7	0	0	0	0
I-H-135462-T1-2-D1-1	236	0	0	0	0	53	0	99	100	0	0	0
KiCS0327_20_75_A_02_00	45	0	0	0	0	15	0	0	0	0	0	0
I-H-108333-T2-2-D1-1	31	0	0	0	0	0	0	7	0	0	0	0
KiCS0010_270646	17	0	0	0	0	9	0	5	0	0	0	0
zcc222	0	0	0	0	0	0	0	1	0	3	0	0
KiCS0083_298314	72	0	74	0	146	0	112	0	0	0	0	0
zcc220	0	0	0	0	0	0	0	1	3	2	0	0
zcc102	8	0	0	0	0	1	0	1	0	0	0	0
zcc63	34	0	0	0	0	0	0	0	6	0	0	0
zcc89	2	0	0	0	0	1	0	0	0	0	0	0
zcc199	21	0	0	0	0	7	0	5	5	0	0	0
KiCS0345_20_1395_A_02_00	272	0	70	0	0	0	0	44	98	0	0	0
KiCS0274_19_4026_A_02_00	10	0	0	0	0	16	0	4	0	0	0	0
zcc132	13	0	0	0	0	4	0	9	0	0	0	0
zcc30	8	0	0	0	0	0	0	0	2	0	0	0
KiCS0098_301163	13	0	0	16	0	36	0	0	0	0	0	0
KiCS0219_18_1752	19	0	0	0	0	25	0	15	9	0	0	0
IID_H136649_T01_01_WG01	12	0	0	0	0	4	0	0	0	0	0	0
KiCS0006_274243	12	0	0	0	0	4	0	9	3	0	0	0
zcc235	3	0	0	0	0	1	0	2	4	3	0	0
zcc83	0	1	0	0	0	3	0	0	0	0	0	0
zcc243	3	0	0	0	0	1	0	1	0	0	0	0
KiCS0377_20_18334_A_02_00	32	0	0	0	35	23	0	0	0	0	0	0
zcc76	7	0	0	0	0	0	0	0	0	3	0	0
I-H-135459-T1-2-D1-1	9	0	0	0	0	0	0	0	0	0	0	0
KiCS0015_18_7567	56	0	0	0	0	26	0	16	12	0	0	0
KiCS0076_299020	12	0	0	0	0	29	0	0	0	0	0	0
IID_H136640_T01_01_WG01	12	0	0	0	0	2	0	9	3	0	0	0
zcc116	0	0	10	0	41	0	0	5	0	0	9	0
KiCS0145_314010	23	0	0	0	0	21	0	8	0	0	0	0
I-H-135463-T1-2-D1-1	0	0	0	0	0	4	0	28	9	0	0	0
KiCS0100_301918	5	0	0	0	0	11	0	0	2	0	0	0
KiCS0092_19_18518_A_02_00	30	0	0	0	0	42	0	13	0	0	0	0
zcc2	0	0	0	0	0	2	0	0	1	0	0	0
KiCS0029_274194	7	0	0	0	0	0	0	0	0	0	0	0
KiCS0042_284388	15	0	0	0	0	9	0	3	0	0	0	0
zcc55	0	0	0	0	0	0	0	0	0	4	0	0
KiCS0093_305080	17	0	0	0	0	21	0	4	0	0	0	0
KiCS0299_19_3794	12	0	0	0	0	5	0	2	0	0	0	0
KiCS0062_291776	11	0	0	7	0	12	0	0	0	0	0	0
KiCS0171_19_17562_A_02_00	27	0	0	0	0	44	0	20	8	0	0	0
KiCS0314_19_11045_A_02_00	13	0	0	0	0	12	0	0	0	0	0	0
KiCS0115_313555	19	0	0	0	0	15	0	0	0	0	0	0
zcc241	0	0	0	0	0	0	0	0	2	0	0	0
zcc103	5	0	9	0	0	0	0	0	2	0	0	0
KiCS0235_18_4828	8	0	0	0	0	20	0	7	5	0	0	0
KiCS0220_18_8816_A_02_00	55	0	0	0	0	24	0	0	0	0	0	0
I-H-136086-T1-1-D1-1	6	0	0	0	0	1	0	0	0	0	0	0
KiCS0074_296401	11	0	0	0	0	13	0	8	0	0	0	0
KiCS0310_19_15653_A_02_00	10	0	0	0	0	21	0	3	0	0	0	0
zcc85	131	0	29	0	136	0	64	0	0	0	0	0
zcc64	12	0	0	0	0	0	0	0	0	0	0	0
KiCS0120_308114	45	0	0	0	0	8	0	7	0	0	0	0
KiCS0101_303761	59	0	0	0	0	10	0	13	15	0	0	0
I-H-134768-T1-1-D1-2	69	0	14	0	0	10	0	0	22	0	0	0
zcc61	0	0	0	0	0	1	0	2	0	0	0	0
zcc200	0	0	0	0	0	0	0	0	0	0	2	0
KiCS0064_293844	41	0	0	0	0	16	0	21	13	0	0	0
KiCS0197_20_1402_A_02_00	41	0	0	0	0	51	0	0	0	0	0	0
zcc171	3	0	0	0	0	1	0	0	0	0	6	0
zcc122	1	0	0	0	0	0	0	0	0	0	0	0
zcc211	38	0	91	0	0	0	81	0	0	0	0	0
KiCS0188_334057	25	0	0	0	0	17	0	8	0	0	0	0
KiCS0376_19_23808_A_02_00	14	0	0	0	0	4	0	0	0	0	0	0
zcc164	17	0	0	0	0	5	0	0	0	0	0	0
I-H-135973-T1-2-D1-1	12	0	0	0	0	4	0	5	5	0	0	0
zcc154	20	0	0	0	31	17	0	15	6	0	0	0
zcc97	444	0	120	0	0	0	0	0	0	0	0	0
zcc177	37	0	28	0	0	0	79	11	10	0	0	0
KiCS0087_299908	14	0	0	8	0	5	0	0	0	0	0	0
IID_H136433_T07_01_WG01	195	0	141	0	159	31	0	89	41	62	0	0
KiCS0218_20_11154_A_02_00	28	0	0	0	0	49	0	17	0	0	0	0
zcc377	29	0	0	0	0	0	0	0	0	0	0	0
zcc120	0	0	0	0	0	0	0	1	3	0	0	0
KiCS0270_19_13895_A_02_00	43	0	0	0	0	15	0	0	0	0	0	0
KiCS0298_19_3826	27	0	0	0	0	20	0	7	0	0	0	0
zcc172	0	0	6	0	11	0	0	0	0	0	0	0
KiCS0228_18_7579	14	0	0	0	0	15	0	7	0	0	0	0
KiCS0041_317512	13	6	0	0	0	13	0	0	0	0	0	0
KiCS0015_283113	46	0	0	0	0	25	0	14	10	0	0	0
zcc51	3	0	0	0	0	0	0	1	0	0	0	0
IID_H158182_T01_01_WG01	68	0	0	0	0	0	0	0	0	0	0	0
KiCS0035_18_2434_A_03_00	17	0	0	0	0	15	0	15	0	0	0	0
I-H-133671-T1-2-D1-1	0	0	0	0	0	5	37	0	0	0	0	0
KiCS0016_270650	9	0	0	0	0	15	0	3	0	0	0	0
KiCS0218_18_1530	26	0	0	0	0	41	0	14	0	0	0	0
zcc244	23	0	0	0	205	0	0	0	13	0	0	0
KiCS0052_289182	17	0	0	0	0	22	0	0	0	0	0	0
zcc47	0	0	0	0	0	0	0	1	2	0	0	0
I-H-136083-T1-2-D1-1	0	0	0	0	121	0	0	0	0	0	0	0
KiCS0032_273811	27	0	0	0	0	20	0	21	10	21	0	0
IID_H136648_T01_01_WG01	15	0	0	0	13	3	0	4	0	0	0	0
zcc206	0	0	0	0	0	0	0	0	0	0	1	0
KiCS0272_20_18312_A_02_00	22	0	25	0	0	10	80	0	0	0	0	0
KiCS0281_19_23340_A_02_00	4	0	0	0	0	1	0	0	2	0	0	0
zcc193	101	0	34	0	0	0	0	0	0	0	0	0
I-H-134757-T1-1-D1-1	47	0	166	0	100	0	0	0	0	0	0	0
I-H-134754-T1-1-D1-1	1	0	0	0	0	3	0	5	6	0	0	0
KiCS0150_315216	21	0	0	0	0	53	0	0	0	0	0	0
zcc249	0	0	0	0	0	0	0	0	0	0	9	0
zcc167	0	0	0	0	0	0	9	0	0	0	0	0
zcc165	0	0	0	0	0	0	0	1	2	0	0	0
zcc81	10	0	0	0	0	0	0	0	0	3	0	0
zcc169	11	0	0	0	0	2	0	0	0	0	0	0
zcc107	5	0	0	0	0	0	0	1	0	0	0	0
KiCS0104_303117	25	0	0	0	0	23	0	0	0	0	0	0
zcc237	9	0	0	0	0	0	0	0	0	0	0	0
zcc231	0	0	0	1	0	1	0	1	2	0	0	0
KiCS0320_20_18316_A_02_00	27	0	0	0	0	23	0	6	0	0	0	0
KiCS0154_18_752	47	0	0	0	0	21	0	15	0	0	0	0
KiCS0025_272791	11	0	0	0	0	8	0	0	0	0	0	15
zcc50	32	0	0	0	0	0	0	0	4	0	0	0
KiCS0092_298842	25	0	0	0	0	42	0	12	0	0	0	0
KiCS0067_294232	23	0	0	0	0	14	0	7	0	0	0	0
KiCS0333_19_16940_A_02_00	31	0	0	0	0	77	0	15	0	0	0	0
zcc117	0	1	0	0	0	0	0	3	1	0	0	0
zcc9	9	0	0	0	0	2	0	0	7	0	0	0
zcc147	63	0	31	0	97	0	0	27	42	0	38	0
KiCS0091_301892	12	0	0	6	0	6	0	0	0	0	0	0
zcc136	138	0	0	0	0	14	0	15	14	0	0	0
KiCS0154_326256	44	0	0	0	0	18	0	9	0	0	0	0
KiCS0172_321979	22	0	0	0	0	16	0	8	8	0	0	0
KiCS0050_290492	35	0	0	0	0	21	0	9	0	0	0	0
KiCS0015_316119	60	0	0	0	0	34	0	16	10	0	0	0
KiCS0140_313704	9	0	0	0	0	18	0	10	0	0	0	0
zcc159	0	0	0	0	6	0	0	1	0	0	0	0
zcc24	0	0	0	0	0	5	0	0	3	0	2	0
zcc125	11	0	0	0	0	4	0	0	0	0	0	0
zcc28	0	0	0	0	0	1	0	0	2	0	0	0
KiCS0008_289185	77	22	0	0	0	55	0	24	0	0	0	0
zcc189	64	0	0	0	0	0	55	0	0	0	0	0
KiCS0200_332386	9	0	0	0	0	6	0	12	0	0	0	0
zcc108	0	0	0	0	0	1	0	0	0	0	2	0
zcc87	22	0	0	0	0	0	0	0	4	0	0	0
zcc115	0	0	0	0	0	2	0	3	2	6	0	0
I-H-136062-T1-1-D1-1	15	0	0	0	0	3	13	4	0	0	0	0
zcc152	3	0	0	0	0	1	0	0	4	0	0	0
zcc196	3	0	0	0	0	0	0	1	4	0	0	0
zcc209	0	0	0	0	44	0	22	0	0	0	0	0
KiCS0306_19_19567_A_02_00	75	0	0	0	0	31	0	0	0	0	0	0
zcc218	28	0	0	0	0	0	0	0	0	20	0	0
KiCS0241_19_7197	16	9	0	0	0	20	0	5	0	0	0	0
KiCS0059_291150	35	0	0	0	0	10	0	0	0	0	0	0
KiCS0363_19_21783_A_02_00	22	0	0	0	0	19	0	6	0	0	0	0
zcc170	0	0	0	0	0	1	0	0	0	0	0	0
zcc138	33	0	0	0	0	8	0	17	12	0	0	0
KiCS0227_18_2559	45	0	0	0	0	23	0	8	0	0	0	0
zcc158	42	0	0	0	32	0	54	0	0	0	0	0
KiCS0136_312904	13	0	0	0	0	21	0	0	0	0	0	0
zcc128	28	0	9	0	0	0	0	0	0	0	0	0
zcc221	0	0	0	0	0	0	0	3	4	0	0	0
KiCS0252_18_9296	7	2	0	0	0	5	0	5	2	0	0	0
zcc142	10	0	0	0	0	2	0	5	3	0	0	0
zcc144	0	0	0	0	0	0	0	14	21	0	0	0
KiCS0391_20_11161_A_02_00	131	0	340	0	0	86	0	0	0	0	0	0
zcc119	2	0	0	0	0	3	0	2	4	0	0	0
KiCS0010_270645	52	0	24	0	0	14	44	17	29	0	0	0
KiCS0018_270652	39	0	0	0	0	26	0	11	0	0	0	0
KiCS0048_18_753	28	0	8	0	0	13	0	8	18	0	0	0
zcc99	17	0	18	0	67	0	0	0	0	0	0	0
zcc234	55	0	0	0	0	15	47	16	0	0	0	0
KiCS0249_19_18443	29	0	7	0	21	19	0	9	0	0	0	0
I-H-136134-T1-1-D1-1	15	0	5	0	0	0	0	14	6	0	0	0
KiCS0076_303115	12	0	0	0	0	28	0	0	0	0	0	0
zcc279	609	0	616	0	247	0	0	0	0	0	0	0
zcc344	100	0	220	0	119	0	0	0	38	0	0	0
KiCS0289_19_15639_A_02_00	0	0	0	0	0	28	0	0	0	0	0	36
KiCS0120_308112	17	0	0	0	0	9	0	5	0	0	0	0
KiCS0099_301444	21	0	0	0	0	19	0	0	0	0	0	0
KiCS0326_19_21779_A_02_00	41	0	0	0	0	10	0	5	0	0	0	0
KiCS0055_318143	37	0	0	0	0	22	0	6	0	0	0	0
KiCS0155_314807	14	0	0	0	0	16	0	0	0	0	0	0
zcc204	4	0	0	0	0	0	0	4	5	0	0	0
IID_H158183_T01_01_WG01	22	0	0	0	0	0	46	13	12	0	0	0
KiCS0295_20_6217_A_02_00	13	0	0	0	0	12	0	0	0	0	4	0
KiCS0371_19_22172_A_02_00	15	0	0	0	0	7	0	3	0	0	0	0
zcc202	0	0	0	0	0	0	0	0	1	2	0	0
KiCS0380_19_25917_A_02_00	23	0	0	0	0	10	0	10	11	0	0	0
zcc71	0	0	7	0	0	0	10	0	0	0	0	0
KiCS0386_20_425_A_02_00	26	0	0	0	0	9	20	0	0	0	0	0
zcc26	0	0	4	0	11	0	0	0	0	0	0	0
I-H-135065-T1-1-D1-1	6	0	0	0	13	4	21	6	5	0	0	0
IID_H158186_T01_01_WG01	42	0	0	0	0	0	0	0	0	0	0	0
KiCS0220_18_748	56	0	50	0	74	16	77	0	0	0	0	0
zcc233	33	0	0	0	0	0	0	18	17	0	0	0
zcc88	28	0	11	0	15	6	40	0	0	0	0	0
zcc219	4	0	0	0	0	1	0	0	3	0	0	0
zcc49	0	0	0	0	0	3	0	13	11	0	0	0
zcc31	0	0	2	0	3	0	6	0	0	0	0	0
KiCS0193_328018	27	0	0	0	0	39	0	8	0	0	0	0
KiCS0049_289187	38	0	37	0	34	25	0	9	0	0	0	0
KiCS0214_18_2567	18	0	0	0	0	35	0	0	0	0	0	0
zcc96	0	0	0	0	95	0	0	0	0	0	0	0
zcc131	48	0	21	0	55	14	0	14	28	20	58	0
zcc74	0	0	0	0	0	13	0	0	3	0	0	0
KiCS0266_19_13897_A_02_00	23	0	0	0	0	22	0	0	0	0	0	0
KiCS0323_19_26722_A_02_00	38	0	0	0	0	25	0	0	0	0	0	0
KiCS0332_19_12115_A_02_00	23	0	0	0	0	13	0	3	0	0	0	0
zcc34	0	0	0	0	0	0	0	0	1	0	4	0
zcc41	5	0	0	0	0	0	0	0	0	0	0	0
zcc246	7	0	0	0	0	2	0	5	6	6	0	0
zcc11	13	0	0	0	0	0	0	0	0	0	0	0
KiCS0128_310151	20	0	0	0	0	27	0	5	5	0	0	0
KiCS0347_19_17408_A_02_00	18	0	0	0	0	27	0	5	0	0	0	0
zcc217	11	0	0	0	0	0	0	0	0	0	0	0
KiCS0337_19_12649_A_02_00	25	0	0	0	0	28	0	0	0	0	0	0
KiCS0284_20_18306_A_02_00	15	0	0	0	0	17	0	6	0	0	0	0
KiCS0225_18_2571	47	0	0	0	0	48	0	0	0	0	0	0
I-H-133675-T1-2-D1-1	6	0	0	0	0	5	0	0	3	0	0	0
zcc212	10	0	0	0	0	0	40	0	0	0	0	0
KiCS0329_19_12113_A_02_00	29	0	0	0	0	22	0	0	0	0	0	0
zcc210	2	0	0	0	0	2	0	0	1	0	0	0
KiCS0168_319321	16	0	0	0	0	8	0	8	10	0	0	0
KiCS0228_18_7577	11	5	0	0	0	16	0	9	0	0	0	0
zcc228	0	0	0	0	0	0	56	0	0	0	0	0
I-H-134733-T3-2-D1-1	46	0	0	0	0	0	327	0	29	0	0	0
KiCS0093_314662	21	0	0	0	0	15	0	0	0	0	0	0
KiCS0383_19_25931_A_02_00	18	0	0	0	0	19	0	5	0	0	0	0
KiCS0283_19_15299_A_02_00	22	0	0	0	0	22	0	12	0	0	0	0
KiCS0107_307283	18	0	0	0	0	8	0	0	0	0	0	0
KiCS0366_19_20056_A_02_00	16	0	0	0	0	14	0	0	0	0	0	0
zcc77	12	0	0	0	0	3	0	9	3	0	0	0
zcc57	10	0	0	0	11	5	0	3	5	7	0	0
KiCS0359_19_18908_A_02_00	51	0	43	0	0	24	0	0	0	0	0	0
KiCS0259_18_12197	14	0	0	0	0	12	0	3	3	0	0	0
KiCS0224_18_1655	0	0	0	33	0	0	0	0	0	0	0	0
zcc15	0	0	0	0	0	3	0	0	0	0	0	0
KiCS0226_18_2569	8	0	0	0	0	13	0	4	0	0	0	0
zcc130	22	0	0	0	0	16	0	21	0	0	0	0
zcc46	0	0	0	0	0	1	0	0	0	0	0	0
zcc73	0	0	0	0	0	0	0	0	0	1	1	0
KiCS0354_19_19173_A_02_00	12	0	0	0	0	27	0	0	0	0	0	0
KiCS0096_302713	17	0	0	0	0	15	0	0	0	0	0	0
zcc44	17	0	0	0	31	0	52	7	6	0	0	0
zcc25	7	0	0	0	0	0	0	0	0	0	0	0
KiCS0069_295533	185	0	0	0	0	40	0	21	0	0	0	0
zcc93	44	0	0	0	0	8	0	15	0	0	0	0
KiCS0003_285202	20	0	0	0	0	17	0	0	0	0	0	0
KiCS0005_300238	8	0	0	0	0	12	0	3	0	0	0	0
KiCS0334_19_16943_A_02_00	15	0	0	0	0	7	0	5	0	0	0	0
KiCS0162_317276	11	0	0	0	0	8	0	2	0	0	0	0
IID_H158181_T01_01_WG01	1	0	0	0	0	0	0	0	0	0	0	0
KiCS0362_19_19176_A_02_00	13	0	0	0	0	6	0	0	0	0	0	0
zcc213	27	0	5	0	0	12	0	18	0	0	0	0
zcc156	16	0	0	0	0	13	0	14	10	0	0	0
IID_H156409_T01_01_WG01	278	0	327	0	0	0	0	0	0	0	0	0
zcc67	31	0	0	0	0	4	0	0	0	0	0	0
zcc69	0	0	0	0	0	0	0	8	0	0	0	0
KiCS0014_328066	19	0	0	0	0	24	0	7	3	0	0	0
KiCS0231_18_5970	11	0	0	6	0	4	0	4	0	0	0	0
KiCS0011_19_24259_A_02_00	24	0	12	0	0	17	0	7	0	0	0	0
zcc33	25	0	0	0	25	12	0	28	16	0	0	0
zcc226	0	0	0	0	0	3	0	5	8	3	0	0
KiCS0037_283114	27	0	0	0	0	25	0	0	0	0	0	0
I-H-135062-T1-1-D1-1	28	0	0	0	0	0	152	0	0	0	0	0
zcc92	0	0	0	0	0	0	46	0	0	0	0	0
KiCS0109_304552	72	0	0	0	0	51	0	21	12	0	0	0
KiCS0170_320432	26	0	0	0	0	23	0	6	0	0	0	0
zcc95	28	0	8	0	0	0	27	0	8	0	0	0
I-H-135420-T1-2-D1-1	36	0	0	0	0	5	0	0	0	0	0	0
zcc179	0	0	6	0	7	0	0	0	0	0	0	0
KiCS0148_319486	591	0	265	0	149	0	0	0	0	0	0	0
KiCS0221_18_2564	68	0	0	0	0	41	0	23	31	0	0	0
KiCS0039_297368	20	0	0	0	0	33	0	9	6	0	0	0
KiCS0222_18_7573	21	0	0	0	0	29	0	8	0	0	0	0
KiCS0048_290132	28	6	8	0	0	9	0	11	11	0	0	0
zcc100	0	0	18	0	14	0	37	0	0	0	0	0
zcc137	17	0	37	0	19	0	0	0	0	0	0	0
KiCS0123_308934	14	0	0	0	0	12	0	0	0	0	0	0
IID_H156407_T01_01_WG01	31	0	0	0	0	3	0	0	4	0	0	0
zcc98	2	0	0	0	0	0	0	2	0	0	0	0
KiCS0155_314825	11	0	0	0	0	15	0	0	0	0	0	0
KiCS0040_286739	21	0	0	0	0	9	0	0	0	0	0	0
zcc186	18	0	0	0	0	2	0	0	3	0	0	0
KiCS0375_20_484_A_02_00	56	0	0	0	0	8	0	0	6	0	0	0
zcc3	28	0	0	0	0	4	0	11	0	0	0	0
KiCS0370_19_21815_A_02_00	22	0	26	0	0	21	46	0	13	0	0	0
I-H-134756-T1-1-D1-1	0	0	0	0	14	0	0	0	0	0	0	0
KiCS0349_19_17411_A_02_00	51	0	0	0	0	17	0	0	0	0	0	0
KiCS0032_276054	21	0	0	0	0	14	0	13	5	0	0	0
KiCS0374_20_3759_A_02_00	29	0	0	0	45	21	70	0	0	0	0	0
I-H-133674-T1-2-D1-1	2	0	0	0	0	2	0	1	1	0	0	0
KiCS0031_283112	24	0	0	0	0	18	0	7	0	0	0	0
zcc52	33	0	0	0	0	4	0	18	0	0	0	0
I-H-135467-T1-2-D1-1	2	0	0	0	0	0	0	0	0	0	0	0
KiCS0030_273368	56	0	0	0	0	60	0	39	30	0	0	0
KiCS0239_18_7570	18	0	0	0	0	11	0	3	4	0	0	0
I-H-135967-T1-2-D1-1	193	0	50	0	0	28	158	29	50	0	0	0
zcc214	0	0	0	0	0	97	0	0	0	0	0	0
KiCS0218_18_751	39	0	0	0	0	48	0	15	0	0	0	0
KiCS0271_19_13900_A_02_00	42	0	0	0	0	58	0	11	0	0	0	0
KiCS0038_310410	12	0	0	0	0	14	0	9	0	0	14	0
KiCS0120_308939	7	4	0	0	0	10	0	6	0	0	0	0
KiCS0195_327479	23	0	0	0	0	29	0	5	0	0	0	0
zcc40	6	0	0	0	0	0	0	2	0	0	0	0
zcc227	5	0	0	0	0	0	0	1	0	0	0	0
KiCS0095_300240	10	0	0	0	0	13	0	8	0	0	0	0
zcc151	8	0	0	0	0	9	0	24	11	0	0	0
zcc65	6	0	0	5	0	3	0	2	4	0	0	0
I-H-135076-T1-1-D1-1	0	0	0	0	0	0	80	0	0	0	0	0
KiCS0116_307117	22	0	0	0	0	10	0	4	0	0	0	0
zcc143	4	0	0	0	0	1	0	1	1	0	0	0
zcc425	33	0	0	0	0	4	0	0	0	0	0	0
KiCS0049_289183	33	0	44	0	35	27	0	0	0	0	0	0
I-H-135963-T2-2-D1-1	14	0	0	0	0	0	0	0	2	0	0	0
KiCS0069_298700	119	0	39	0	0	22	0	0	0	0	0	0
zcc223	11	0	0	0	0	0	0	0	10	0	0	0
zcc188	1	0	0	0	0	1	0	1	0	0	0	0
KiCS0363_19_21794_A_02_00	20	0	0	0	0	18	0	5	0	0	0	0
KiCS0277_19_4280_A_02_00	27	0	0	0	0	22	0	11	0	0	0	0
KiCS0017_270651	21	0	0	0	0	32	0	8	0	0	0	0
KiCS0045_288555	16	5	0	0	0	12	0	0	0	0	0	0
I-H-108298-T1-1-D1-1	77	0	42	0	47	16	0	46	29	0	0	0
KiCS0143_316365	19	0	0	0	0	17	0	0	0	0	0	0
zcc205	35	0	17	0	0	16	50	0	8	0	0	0
zcc163	30	9	0	0	0	16	0	9	0	0	0	0
I-H-133673-T2-1-D1-1	30	0	0	0	0	4	0	0	0	0	0	0
zcc72	0	0	0	0	0	2	0	1	0	0	0	0
zcc59	13	0	0	0	0	3	0	0	0	0	0	0
zcc247	0	0	0	0	0	0	17	5	0	12	0	0
zcc58	13	0	0	0	0	0	0	6	0	0	4	0
IID_H135068_T05_01_WG01	59	0	13	0	0	0	0	12	0	0	0	0
zcc111	22	0	0	0	0	0	0	0	6	0	0	0
zcc139	2	0	0	0	0	1	0	1	3	0	0	0
KiCS0041_317510	19	0	0	0	0	11	0	0	0	0	0	0
KiCS0336_20_76_A_02_00	23	0	0	0	0	8	0	0	4	0	0	0
zcc149	7	0	0	0	0	6	0	2	0	0	0	0
KiCS0060_291967	45	0	0	0	0	12	0	0	0	0	0	0
KiCS0164_317770	17	6	0	0	0	15	0	0	0	0	0	0
KiCS0092_329766	27	0	0	0	0	40	0	12	8	0	0	0
I-H-121266-T1-2-D1-1	3	3	0	0	0	2	0	0	8	0	0	0
KiCS0078_297044	13	0	0	0	0	11	0	0	0	0	0	0
KiCS0155_18_9678	6	0	0	0	0	13	0	0	2	0	0	0
KiCS0086_298838	8	0	0	0	0	17	0	3	0	0	0	0
KiCS0154_316299	39	0	0	0	0	18	0	7	0	0	0	0
zcc53	2	0	0	0	0	0	0	0	0	0	0	0
IID_H158186_T02_01_WG01	5	0	0	0	0	3	0	0	4	0	3	0
IID_H158493_T01_01_WG01	38	0	0	0	40	0	80	40	0	29	35	0
zcc150	24	0	0	0	0	0	0	0	0	0	0	0
KiCS0119_307642	11	0	0	0	0	19	0	0	0	0	0	0
KiCS0263_18_15764_A_03_01	44	0	0	0	0	13	0	13	0	0	0	0
I-H-136428-T1-1-D1-1	152	0	68	0	72	0	0	0	0	0	0	0
zcc90	19	0	0	0	0	5	0	10	13	6	0	0
KiCS0088_298840	13	0	0	0	0	33	0	0	0	0	0	0
KiCS0238_18_5640	30	0	0	0	0	15	0	0	0	0	0	0
zcc197	2	0	0	0	0	0	0	0	1	0	0	0
zcc252	14	0	0	0	0	4	0	6	11	0	0	14
KiCS0374_20_3760_A_02_00	38	0	0	0	0	21	0	0	0	0	0	0
zcc245	0	0	0	0	7	0	0	0	5	6	6	0
zcc337	5	0	0	0	0	1	0	2	0	0	0	0
zcc48	0	0	0	0	0	4	0	7	10	0	0	0
KiCS0276_19_5404_A_02_00	53	0	31	0	0	0	191	34	0	0	0	93
KiCS0350_19_25243_A_02_00	35	0	193	0	50	24	0	0	0	0	0	0
zcc401	0	0	0	0	0	1	0	0	1	0	0	0
KiCS0087_297229	15	0	0	7	0	6	0	0	0	0	4	0
I-H-135393-T1-1-D1-1	6	0	0	0	0	0	0	3	0	0	0	0
zcc124	50	0	13	0	0	7	0	0	0	0	0	0
KiCS0182_331429	45	0	0	0	0	16	0	0	0	0	0	0
zcc84	87	0	47	0	151	25	137	0	22	0	0	0
KiCS0296_19_6855	134	0	46	0	50	33	104	82	42	0	0	0
KiCS0161_319069	20	0	0	0	0	17	0	0	0	0	0	0
zcc166	62	0	60	0	0	0	0	0	0	0	0	0
KiCS0036_275798	12	0	0	0	0	6	0	13	15	0	0	0
KiCS0261_19_18923_A_02_00	32	0	0	0	0	19	0	13	8	0	0	0
zcc174	20	0	0	0	0	0	0	0	0	0	0	0
KiCS0249_20_423_A_02_00	15	0	0	0	63	17	0	8	0	0	0	0
KiCS0293_19_15645_A_02_00	23	0	0	0	0	22	0	10	7	0	0	0
KiCS0090_299554	7	4	0	0	0	7	0	2	0	0	0	0
KiCS0190_327483	22	0	0	0	0	24	0	6	0	0	0	0
zcc239	79	0	46	0	32	0	0	0	0	0	0	0
KiCS0066_301446	9	0	0	0	0	30	0	11	0	0	0	0
zcc54	4	0	0	0	0	0	0	0	0	7	0	0
zcc236	0	0	0	0	0	0	0	0	11	10	0	0
KiCS0007_302948	19	0	0	0	0	20	0	0	0	0	0	0
IID_H158223_T01_01_WG01	203	0	110	0	0	0	0	0	0	0	0	0
zcc23	80	0	0	0	0	0	0	0	0	0	0	0
KiCS0356_19_17417_A_02_00	46	0	0	0	0	11	0	10	0	0	0	0
KiCS0345_20_11162_A_02_00	181	0	117	0	0	31	0	58	151	0	0	0
zcc191	165	0	68	0	0	22	121	48	43	0	0	0
KiCS0017_271603	18	0	0	0	0	33	0	9	0	0	0	0
zcc17	0	0	0	0	0	0	0	0	0	0	2	0
zcc112	1	0	0	0	0	2	0	1	2	0	0	0
zcc194	4	0	0	0	0	2	0	0	0	0	0	0
KiCS0341_19_17403_A_02_00	18	0	0	0	72	42	0	0	0	0	0	0
KiCS0319_19_19753_A_02_00	24	0	0	0	0	13	0	5	3	0	0	0
zcc251	0	0	0	0	26	0	23	6	0	0	0	0
KiCS0121_311881	20	0	0	0	0	16	0	7	0	0	0	0
zcc113	2	0	0	0	0	1	0	1	2	0	0	0
zcc160	36	0	0	0	0	0	0	0	0	0	0	0
KiCS0152_316245	19	0	0	0	0	13	0	3	0	0	0	0
KiCS0179_322516	55	0	14	0	0	32	45	41	11	0	0	0
KiCS0379_20_18013_A_02_00	21	0	0	0	0	27	0	9	0	0	0	0
KiCS0051_289184	79	0	25	0	0	47	0	33	0	0	0	0
KiCS0212_333928	23	0	0	0	0	9	0	0	0	0	0	0
zcc242	2	0	0	0	0	1	0	1	1	0	0	0
zcc123	0	0	2	0	0	0	8	0	0	0	0	0
zcc79	48	0	0	0	61	23	0	12	0	0	0	0
I-H-135988-T1-2-D1-1	1	0	0	0	0	0	0	0	1	0	0	0
KiCS0245_18_12071	18	0	0	0	0	12	0	3	0	0	0	0
zcc18	11	0	0	0	0	0	0	0	0	0	0	0
zcc14	0	0	0	0	234	0	112	0	0	0	0	0
I-H-108317-T1-1-D1-1	10	0	0	0	0	8	15	0	0	0	0	0
KiCS0282_19_8768_A_02_00	51	0	0	0	0	33	0	11	0	0	0	0
zcc78	2	0	0	0	0	1	0	0	0	0	1	0
zcc229	22	0	0	0	0	0	0	0	0	0	0	0
KiCS0085_299826	11	4	0	0	0	9	0	4	4	0	0	0
zcc224	0	0	0	0	0	0	0	0	7	0	0	0
zcc109	2	0	0	0	0	1	0	0	0	0	0	0
KiCS0070_296084	6	0	0	0	0	17	0	4	0	0	0	0
zcc380	29	0	0	0	0	0	47	0	0	0	0	0
I-H-136424-T1-1-D1-1	6	0	0	0	0	0	0	0	5	0	0	0
zcc39	0	0	14	0	0	0	0	0	0	0	0	0
KiCS0068_294906	17	0	0	0	0	21	0	5	0	0	0	0
KiCS0352_19_17420_A_02_00	29	0	0	0	0	22	0	6	0	0	0	0
zcc148	5	0	0	0	0	0	0	1	0	0	0	0
I-H-135074-T1-2-D1-1	0	0	41	0	73	0	178	0	23	0	0	0
KiCS0288_20_11147_A_02_00	34	0	0	0	0	32	0	0	0	0	0	0
zcc192	30	0	34	0	0	0	0	0	0	0	0	0
KiCS0103_304770	58	0	54	41	45	17	0	17	25	0	0	0
zcc175	2	0	0	0	0	0	0	0	0	0	0	0
KiCS0111_313467	40	0	12	0	17	14	66	0	0	0	0	0